#001 #000 9,048957324830885 2,8284271247461903 15,652475842498529
#001 #001 9,229391193984315 4,0 18,027756377319946
#001 #002 7,2114731182717495 2,0 16,15549442140351
#001 #003 9,655007824565821 1,0 22,47220505424423
#001 #004 11,410495612665002 0,0 35,84689665786984
#001 #005 7,7777670302358635 0,0 19,72308292331602
#001 #006 8,705563768488176 1,0 17,72004514666935
#001 #007 11,099131390701345 1,4142135623730951 19,6468827043885
#001 #008 15,377535522698679 3,1622776601683795 32,449961479175904
#001 #009 12,839888882683278 2,23606797749979 30,675723300355934
#002 #000 3,4571818909426457 0,0 8,94427190999916
#002 #001 4,617958214510173 1,0 7,810249675906654
#002 #002 5,531072483959915 1,4142135623730951 8,602325267042627
#002 #003 6,47304596926894 1,4142135623730951 13,601470508735444
#002 #004 6,4184428698830045 2,0 12,0
#003 #000 1,7290691018240136 0,0 5,0990195135927845
#003 #001 2,043164696638404 0,0 6,708203932499369
#003 #002 4,8131924311833565 1,0 12,649110640673518
#003 #003 7,237055704402721 1,0 16,15549442140351
#003 #004 7,171007188085628 1,0 17,804493814764857
#004 #000 3,0955007892812083 1,0 6,708203932499369
#004 #001 3,3396966721732726 0,0 6,4031242374328485
#004 #002 8,660983248509247 0,0 21,213203435596427
#004 #003 4,944780515017702 1,0 11,180339887498949
#004 #004 4,988640004689327 0,0 13,341664064126334
#005 #000 4,483044496215131 0,0 9,433981132056603
#005 #001 6,683951517995471 0,0 13,152946437965905
#005 #002 6,574430355866423 1,4142135623730951 11,180339887498949
#005 #003 3,3156059035037977 0,0 10,816653826391969
#005 #004 8,179265905428208 1,0 21,095023109728988
#006 #000 7,909071298776839 2,23606797749979 16,278820596099706
#006 #001 8,0955476751482 1,0 21,93171219946131
#006 #002 9,75624338121567 1,0 23,08679276123039
#006 #003 13,117466423884862 3,1622776601683795 23,194827009486403
#006 #004 23,415318547420902 9,055385138137417 37,656340767525464
#007 #000 4,540003119888759 0,0 8,246211251235321
#007 #001 6,787916933768316 0,0 19,235384061671343
#007 #002 6,668117173127331 1,0 18,384776310850235
#007 #003 6,729799576068573 0,0 17,204650534085253
#007 #004 7,30546280076986 0,0 18,788294228055936
#008 #002 10,299921430746759 4,242640687119285 23,600847442411894
#008 #003 9,196437614106353 0,0 25,495097567963924
#008 #004 10,439312430104719 2,23606797749979 25,059928172283335
#009 #000 14,157982693844795 7,0710678118654755 23,430749027719962
#009 #001 5,470658783684168 1,0 12,206555615733702
#009 #002 8,820723411690032 2,23606797749979 16,492422502470642
#009 #003 10,137200549766145 2,0 19,1049731745428
#009 #004 5,16203548138728 1,0 13,416407864998739
#010 #000 7,4976335715773565 0,0 17,08800749063506
#010 #001 8,194788036100292 1,4142135623730951 21,470910553583888
#010 #002 6,7271836260306115 1,0 15,231546211727817
#010 #003 6,521156241568119 0,0 15,811388300841896
#010 #004 7,745159650008568 3,605551275463989 14,212670403551895
#011 #000 4,92135507369173 1,0 8,06225774829855
#011 #001 4,679184050396009 1,0 7,615773105863909
#011 #002 5,875487972402095 0,0 12,206555615733702
#011 #003 6,7642838908652765 0,0 17,46424919657298
#011 #004 6,569471025863687 1,0 17,08800749063506
#012 #000 5,6512478507672235 1,4142135623730951 15,132745950421556
#012 #001 6,155221732414671 1,4142135623730951 11,40175425099138
#012 #002 9,399260407621101 0,0 30,364452901377952
#013 #000 8,972512898803792 1,0 24,20743687382041
#013 #001 6,3736926821857125 1,0 19,924858845171276
#013 #002 4,346263360935431 1,0 8,06225774829855
#013 #003 13,16409793808924 6,082762530298219 28,319604517012593
#013 #004 22,41226116736379 8,54400374531753 33,015148038438355
#014 #000 10,699436943913392 1,0 22,67156809750927
#014 #001 9,70998397839334 0,0 20,12461179749811
#014 #002 10,912579404546701 1,0 24,041630560342615
#014 #003 14,974385378148579 3,1622776601683795 27,51363298439521
#014 #004 16,471056015816394 3,605551275463989 32,89376840679705
#015 #000 4,291207700913121 0,0 8,602325267042627
#015 #001 3,778793516192588 0,0 8,246211251235321
#015 #002 7,27564672843932 1,0 17,88854381999832
#015 #003 6,920882809795029 1,4142135623730951 18,24828759089466
#015 #004 7,430060495313778 0,0 17,804493814764857
#016 #000 10,414720133510952 1,4142135623730951 25,632011235952593
#016 #001 5,474995741256837 0,0 11,40175425099138
#016 #002 8,950326925367241 1,0 24,166091947189145
#016 #003 8,560189354558908 2,23606797749979 19,209372712298546
#016 #004 6,367355108802123 1,0 16,15549442140351
#017 #000 5,166250776282059 0,0 9,219544457292887
#017 #001 8,055445599601944 2,23606797749979 15,132745950421556
#017 #002 11,406048653139324 0,0 23,08679276123039
#017 #003 7,283035333518887 0,0 20,615528128088304
#017 #004 11,747623795558845 2,0 36,61966684720111
#018 #000 5,221598230581403 3,0 8,06225774829855
#018 #001 4,453601738302759 1,0 10,770329614269007
#018 #002 8,238786128002776 1,0 17,804493814764857
#018 #003 8,20663281899165 1,0 22,825424421026653
#018 #004 7,817297805989002 1,0 14,866068747318506
#019 #000 4,281627200427234 2,0 7,0710678118654755
#019 #001 7,651762072595699 2,0 15,620499351813308
#019 #002 7,068252574081194 0,0 17,0
#019 #003 9,679511621050237 3,1622776601683795 20,024984394500787
#019 #004 7,745408085936015 1,4142135623730951 15,811388300841896
#020 #000 7,454233195019953 2,0 14,422205101855956
#020 #001 8,253287759116507 3,0 16,15549442140351
#020 #002 6,033045813761958 1,0 14,866068747318506
#020 #003 6,969154972318328 2,23606797749979 13,601470508735444
#020 #004 9,034034056824334 2,23606797749979 22,47220505424423
#021 #000 7,371689558469366 3,0 13,038404810405298
#021 #001 5,584548840457034 0,0 11,180339887498949
#021 #002 9,385011429730085 1,0 23,021728866442675
#021 #003 7,503547738643422 2,0 20,0
#021 #004 5,673755443382599 1,0 17,0
#022 #000 5,666183015709621 1,0 10,0
#022 #001 8,399972371652026 4,47213595499958 15,231546211727817
#022 #002 8,87611064855713 1,4142135623730951 23,853720883753127
#022 #003 11,068213805622097 1,4142135623730951 24,186773244895647
#022 #004 12,599434764299085 3,605551275463989 26,832815729997478
#023 #000 5,606806743771411 0,0 12,165525060596439
#023 #001 4,992132177150747 0,0 9,486832980505138
#023 #002 5,626929608911092 1,0 13,601470508735444
#023 #003 7,904795760486589 1,0 18,788294228055936
#023 #004 4,654411977398019 1,0 8,602325267042627
#024 #000 9,814665763524308 1,0 27,294688127912362
#024 #001 5,129391108874721 0,0 13,601470508735444
#024 #002 4,910185817596146 0,0 13,45362404707371
#024 #003 6,786686630274351 1,0 16,64331697709324
#024 #004 8,872479397107133 0,0 28,178005607210743
#024 #005 11,220990567846668 2,0 34,0147027033899
#024 #006 7,275202894827434 0,0 16,15549442140351
#024 #007 10,508175621610695 1,0 22,825424421026653
#024 #008 7,924707111322038 1,0 16,76305461424021
#024 #009 17,03732868278299 5,0990195135927845 46,52956049652737
#025 #000 4,54769483172214 0,0 13,92838827718412
#025 #001 5,617952639438297 1,0 16,64331697709324
#025 #002 5,462788610805728 1,0 13,416407864998739
#025 #003 5,205124220049044 1,0 11,40175425099138
#025 #004 4,781644128640093 2,0 13,92838827718412
#026 #000 11,700402368083516 2,0 21,633307652783937
#026 #001 5,891330172554636 0,0 19,235384061671343
#026 #002 10,393289439620341 0,0 31,016124838541646
#026 #003 9,406687856504956 1,0 25,079872407968907
#026 #004 11,165863655721251 2,8284271247461903 24,186773244895647
#027 #000 11,542723085828074 2,23606797749979 25,942243542145693
#027 #001 5,864183453120247 0,0 12,041594578792296
#027 #002 7,67837668137863 1,0 13,92838827718412
#027 #003 7,628241370924388 2,0 14,422205101855956
#027 #004 7,3879999370186935 1,4142135623730951 15,033296378372908
#028 #000 7,85062143786746 1,0 22,561028345356956
#028 #001 3,6213626765950515 1,0 10,04987562112089
#028 #002 4,45995255211871 2,0 8,0
#028 #003 6,224583378850339 3,0 12,36931687685298
#028 #004 5,963263473265602 0,0 14,142135623730951
#029 #000 6,3171630695865115 0,0 15,811388300841896
#029 #001 5,909935114280852 1,0 12,529964086141668
#029 #002 5,582527281040767 0,0 12,083045973594572
#029 #003 9,391471291703628 3,0 16,278820596099706
#029 #004 7,743478398997165 0,0 17,0
#030 #000 11,205644092650333 1,0 20,12461179749811
#030 #001 8,25637779951376 2,0 16,278820596099706
#030 #002 13,53182494973626 3,1622776601683795 21,93171219946131
#030 #003 11,786784299635025 4,47213595499958 22,135943621178654
#030 #004 13,644125000659772 2,8284271247461903 26,40075756488817
#031 #000 5,790620558648022 1,0 18,439088914585774
#031 #001 4,4498036912193655 0,0 12,041594578792296
#031 #002 4,0269029558631395 1,0 9,219544457292887
#031 #003 3,910539761593955 1,0 9,219544457292887
#031 #004 5,608833285091204 2,23606797749979 10,198039027185569
#031 #005 4,75592672423745 0,0 15,231546211727817
#031 #006 5,400454656673693 1,0 12,083045973594572
#031 #007 6,865122600331957 1,0 12,727922061357855
#031 #008 8,78909252228331 3,0 20,223748416156685
#031 #009 5,700722935579315 2,0 14,7648230602334
#031 #010 5,15947731034594 0,0 9,486832980505138
#031 #011 5,138377529457145 1,0 9,486832980505138
#031 #012 7,548840037811228 1,0 15,524174696260024
#031 #013 15,912644409927209 3,1622776601683795 29,120439557122072
#031 #014 3,7395116637668875 1,0 8,06225774829855
#032 #000 4,261563525967159 0,0 12,649110640673518
#032 #001 4,541603886227371 1,0 13,92838827718412
#032 #002 9,457272155781729 2,23606797749979 21,02379604162864
#032 #003 8,556677759967778 2,0 19,4164878389476
#032 #004 8,283283350893454 2,0 17,69180601295413
#032 #005 7,98550519959357 3,0 17,029386365926403
#032 #006 7,252558094962572 0,0 19,697715603592208
#032 #007 17,619894698127823 1,0 33,61547262794322
#032 #008 9,227942989181642 0,0 17,11724276862369
#032 #009 10,113007606150612 2,0 24,20743687382041
#033 #000 9,249112895222233 1,0 17,0
#033 #001 6,765121724240449 0,0 15,297058540778355
#033 #002 4,553659395722319 2,0 8,06225774829855
#033 #003 5,369350933071128 1,0 12,649110640673518
#033 #004 14,581687217385127 2,23606797749979 29,154759474226502
#034 #000 8,530459364288825 2,23606797749979 18,788294228055936
#034 #001 9,2130194435057 0,0 16,492422502470642
#034 #002 7,538513265408826 1,0 16,1245154965971
#034 #003 5,727544489979684 1,4142135623730951 12,083045973594572
#034 #004 7,672592578301442 1,0 21,37755832643195
#035 #000 27,499359610874325 9,055385138137417 45,34313619501854
#035 #001 7,057276415584221 0,0 21,400934559032695
#035 #002 6,822250280987944 2,0 14,035668847618199
#035 #003 10,08124109860579 4,242640687119285 22,360679774997898
#035 #004 11,436822787527674 2,0 27,313000567495326
#036 #000 'No face detection'
#036 #001 9,930105976547067 3,0 25,80697580112788
#036 #002 8,610779504146285 4,0 14,035668847618199
#036 #003 9,439332170731284 6,0 17,204650534085253
#036 #004 5,767239307633025 1,4142135623730951 14,035668847618199
#037 #000 9,57448435242337 1,0 26,419689627245813
#037 #001 6,207615206894543 0,0 16,278820596099706
#037 #002 5,552807459259502 1,0 15,033296378372908
#037 #003 6,795456761568575 0,0 17,029386365926403
#037 #004 7,076326131538747 1,4142135623730951 20,223748416156685
#038 #000 12,970071045656708 2,0 29,0
#038 #001 9,84397052417849 1,0 18,24828759089466
#038 #002 13,198967286773712 9,433981132056603 22,360679774997898
#038 #003 13,173285272064897 8,246211251235321 19,697715603592208
#038 #004 15,144877043595343 1,4142135623730951 31,76476034853718
#039 #000 11,237485319984543 1,0 31,76476034853718
#039 #001 10,5172958335005 3,1622776601683795 24,351591323771842
#039 #002 11,541683550875641 3,1622776601683795 24,186773244895647
#039 #003 11,955842507546985 3,1622776601683795 28,844410203711913
#039 #004 13,668012943163392 4,47213595499958 28,30194339616981
#040 #000 9,269869438444985 0,0 21,93171219946131
#040 #001 12,72077562715604 0,0 27,459060435491963
#040 #002 10,649702348621673 1,4142135623730951 22,80350850198276
#040 #003 14,17482570809752 2,23606797749979 30,870698080866262
#040 #004 17,416470441736983 1,4142135623730951 50,566787519082126
#040 #005 6,942418595318479 1,4142135623730951 16,401219466856727
#040 #006 7,1375270178063674 1,0 17,46424919657298
#040 #007 9,070897446790374 2,23606797749979 21,213203435596427
#040 #008 9,160408047384747 0,0 21,95449840010015
#040 #009 8,855373404039113 0,0 21,2602916254693
#041 #000 12,931753537893869 1,0 20,615528128088304
#041 #001 14,496012402196719 2,8284271247461903 22,20360331117452
#041 #002 13,554366255193727 6,082762530298219 19,4164878389476
#041 #003 13,64776466889798 5,0990195135927845 20,024984394500787
#041 #004 'No face detection'
#042 #000 7,000675205624828 1,0 16,0312195418814
#042 #001 10,2100102714894 3,1622776601683795 19,026297590440446
#042 #002 13,570520746561662 5,0 21,213203435596427
#042 #003 11,015968088828474 5,0990195135927845 14,422205101855956
#042 #004 11,18983556394464 0,0 24,698178070456937
#043 #000 6,530626836873555 2,0 13,038404810405298
#043 #001 5,681548308275398 2,0 11,180339887498949
#043 #002 4,933744373824668 0,0 13,341664064126334
#043 #003 8,492130061108371 1,0 20,248456731316587
#043 #004 8,946002392915748 2,0 19,1049731745428
#044 #000 9,342823673099444 2,8284271247461903 21,095023109728988
#044 #001 10,098515983911454 2,0 22,090722034374522
#044 #002 5,824644087508497 1,0 11,704699910719626
#044 #003 6,697692667354119 1,0 13,416407864998739
#044 #004 11,889086759067581 1,0 26,627053911388696
#045 #000 17,9886145932121 1,4142135623730951 28,30194339616981
#045 #001 9,312365161223887 2,0 16,76305461424021
#045 #002 8,328492414843343 2,0 13,601470508735444
#045 #003 8,084077038140924 2,0 18,384776310850235
#045 #004 13,473128967087712 2,23606797749979 23,600847442411894
#046 #000 12,923945798761938 2,0 22,80350850198276
#046 #001 8,943120179528252 1,0 16,278820596099706
#046 #002 10,474444126319248 1,0 20,09975124224178
#046 #003 8,61286345443744 1,0 15,811388300841896
#046 #004 9,851782545630508 0,0 20,09975124224178
#047 #000 8,227203808451586 1,0 19,313207915827967
#047 #001 7,838834150781607 2,0 19,235384061671343
#047 #002 11,053392174918914 3,1622776601683795 28,653097563788805
#047 #003 12,055106087547406 1,0 27,80287754891569
#047 #004 8,720933077175546 1,0 22,67156809750927
#048 #000 7,9747559653779625 0,0 16,15549442140351
#048 #001 9,59984911085942 2,0 16,97056274847714
#048 #002 11,737817649818105 6,082762530298219 19,0
#048 #003 10,879968363355815 3,605551275463989 22,360679774997898
#048 #004 23,039341611409583 4,47213595499958 47,20169488482379
#049 #000 7,926497405169279 2,23606797749979 17,72004514666935
#049 #001 10,001251807965032 5,0990195135927845 18,0
#049 #002 10,604396169916168 5,385164807134504 17,029386365926403
#049 #003 10,05544406335835 5,0 17,72004514666935
#049 #004 7,9271017200079505 2,8284271247461903 14,560219778561036
#050 #000 8,936693045659034 6,324555320336759 14,317821063276353
#050 #001 11,083699713269018 6,082762530298219 21,37755832643195
#050 #002 12,661545765835248 7,0 22,561028345356956
#050 #003 12,081395997269855 5,0 19,697715603592208
#050 #004 15,16068204758634 10,04987562112089 19,4164878389476
#051 #000 7,898993964040194 0,0 17,804493814764857
#051 #001 8,269441867607194 3,1622776601683795 19,209372712298546
#051 #002 8,085215058353501 0,0 23,769728648009426
#051 #003 10,1230700280621 1,4142135623730951 23,345235059857504
#051 #004 13,407547782938765 2,8284271247461903 22,847319317591726
#052 #000 8,431043072350038 1,0 24,413111231467404
#052 #001 8,051566302720666 1,4142135623730951 19,697715603592208
#052 #002 8,46804545920108 1,0 21,633307652783937
#052 #003 10,116934107732474 1,0 20,615528128088304
#052 #004 9,197740813944938 2,8284271247461903 21,93171219946131
#053 #000 9,365614508776925 1,4142135623730951 21,02379604162864
#053 #001 7,9707778068099415 1,0 21,02379604162864
#053 #002 11,26021959864016 0,0 25,80697580112788
#053 #003 9,75770208263482 1,0 25,059928172283335
#053 #004 15,498362090885664 1,0 33,421549934136806
#054 #000 6,465677872223207 1,0 18,110770276274835
#054 #001 3,4616632007784 0,0 6,708203932499369
#054 #002 7,516054031582001 1,0 23,194827009486403
#054 #003 8,244602708793574 1,0 22,825424421026653
#054 #004 7,407307430020014 0,0 20,615528128088304
#055 #000 4,832801697792102 0,0 9,433981132056603
#055 #001 5,752504929347103 1,0 10,44030650891055
#055 #002 9,615222446505042 1,0 19,0
#055 #003 10,283907709202325 1,0 15,033296378372908
#055 #004 7,3629515614225 3,0 12,041594578792296
#056 #000 6,311209136804997 1,0 11,045361017187261
#056 #001 4,8543499441058895 1,4142135623730951 11,180339887498949
#056 #002 7,919754558063998 3,0 16,278820596099706
#056 #003 8,193797173241217 2,8284271247461903 20,024984394500787
#056 #004 8,688854607538696 2,23606797749979 18,110770276274835
#057 #000 9,077756854970243 3,1622776601683795 19,1049731745428
#057 #001 8,0999590962428 1,0 18,384776310850235
#057 #002 10,336468568044735 1,4142135623730951 21,540659228538015
#057 #003 10,269735974744577 1,0 24,596747752497688
#057 #004 6,476162594726931 0,0 17,08800749063506
#058 #000 6,250590116556618 1,4142135623730951 13,45362404707371
#058 #001 7,664551291220383 2,23606797749979 13,0
#058 #002 9,105906123524557 1,0 18,788294228055936
#058 #003 10,432453960914568 2,23606797749979 22,47220505424423
#058 #004 10,449000292930751 1,4142135623730951 27,80287754891569
#059 #000 9,565852190895638 1,0 19,235384061671343
#059 #001 7,831201187901834 2,23606797749979 16,0
#059 #002 14,761981868224245 1,4142135623730951 27,65863337187866
#059 #003 16,86270804519568 5,830951894845301 27,892651361962706
#059 #004 15,546902191086918 2,8284271247461903 26,870057685088806
#060 #000 8,30871406357112 2,23606797749979 17,804493814764857
#060 #001 9,5407258772893 0,0 24,698178070456937
#060 #002 8,21215329496621 1,0 19,235384061671343
#060 #003 12,213617196696815 1,0 26,1725046566048
#060 #004 9,513915101979991 1,0 21,93171219946131
#061 #000 7,831216970396044 2,8284271247461903 15,620499351813308
#061 #001 8,752619565369105 1,0 22,47220505424423
#061 #002 11,162431490651047 1,0 26,92582403567252
#061 #003 10,486466202282879 1,4142135623730951 27,459060435491963
#061 #004 14,634998028506145 4,123105625617661 27,313000567495326
#062 #000 7,461880202389292 1,0 13,341664064126334
#062 #001 6,602371164016924 1,4142135623730951 12,083045973594572
#062 #002 7,074177019647127 0,0 17,08800749063506
#062 #003 8,5688064058075 0,0 21,587033144922902
#062 #004 9,113208324310042 1,0 17,029386365926403
#063 #000 5,366914217287527 2,23606797749979 11,0
#063 #001 5,880045391675067 2,23606797749979 11,40175425099138
#063 #002 10,865715996289929 1,4142135623730951 21,93171219946131
#063 #003 12,479176205487281 5,0 22,80350850198276
#063 #004 12,334683519839125 2,0 22,561028345356956
#064 #000 6,714663284419111 1,4142135623730951 15,132745950421556
#064 #001 8,095658999365043 1,0 18,027756377319946
#064 #002 9,657245560356015 3,0 20,12461179749811
#064 #003 9,138536397163916 1,0 20,591260281974
#064 #004 9,682452949803718 1,4142135623730951 20,518284528683193
#065 #000 9,764431843835629 4,123105625617661 15,524174696260024
#065 #001 11,500527183746856 8,0 15,811388300841896
#065 #002 13,02099413773115 11,180339887498949 16,278820596099706
#065 #003 11,836396830467372 8,246211251235321 16,55294535724685
#065 #004 7,139662245151284 1,0 15,132745950421556
#066 #000 6,8135861004011655 1,4142135623730951 18,601075237738275
#066 #001 5,1651007765578045 0,0 14,142135623730951
#066 #002 8,552766899059646 0,0 26,30589287593181
#066 #003 7,199547032896 1,4142135623730951 15,620499351813308
#066 #004 8,97502305603087 3,0 18,110770276274835
#067 #000 8,708501117402019 0,0 22,47220505424423
#067 #001 8,799868746334585 0,0 18,110770276274835
#067 #002 8,561072598915626 1,0 19,79898987322333
#067 #003 10,329063860541103 1,4142135623730951 23,600847442411894
#067 #004 9,946115499767275 3,1622776601683795 20,248456731316587
#068 #000 8,652791778449869 1,4142135623730951 14,7648230602334
#068 #001 7,758411652906917 1,0 15,231546211727817
#068 #002 7,470297217630673 1,0 12,529964086141668
#068 #003 9,740655254867649 1,0 16,55294535724685
#068 #004 7,969646218802721 1,0 13,601470508735444
#069 #000 10,332680086144519 2,8284271247461903 20,0
#069 #001 7,095978329962526 1,0 13,038404810405298
#069 #002 10,015579041998734 2,23606797749979 18,027756377319946
#069 #003 10,171704230240994 0,0 22,20360331117452
#069 #004 17,72974901659778 1,0 27,65863337187866
#070 #000 9,15976163224741 1,4142135623730951 22,47220505424423
#070 #001 8,50563303827458 1,4142135623730951 17,88854381999832
#070 #002 9,580425009036734 0,0 24,73863375370596
#070 #003 9,02174215541853 0,0 23,769728648009426
#070 #004 14,56880160026467 2,23606797749979 34,9857113690718
#071 #000 8,497730383712058 1,4142135623730951 20,0
#071 #001 7,118000465153663 1,0 22,02271554554524
#071 #002 5,876400366464226 1,4142135623730951 13,416407864998739
#071 #003 4,560726759749788 0,0 10,816653826391969
#071 #004 8,237719586007314 2,0 20,248456731316587
#072 #000 10,426145400659815 1,0 27,892651361962706
#072 #001 15,150084802869602 9,433981132056603 22,80350850198276
#072 #002 17,67015926603162 4,123105625617661 30,265491900843113
#072 #003 22,141221410727297 11,180339887498949 35,35533905932738
#072 #004 22,254748089277005 8,54400374531753 39,408120990476064
#073 #000 5,982641506828937 0,0 15,811388300841896
#073 #001 4,866187444647011 1,0 14,7648230602334
#073 #002 5,638081060342753 1,4142135623730951 12,529964086141668
#073 #003 9,72732136048422 2,8284271247461903 20,12461179749811
#073 #004 9,71822156865304 1,0 24,041630560342615
#074 #000 8,960766019000744 1,0 22,47220505424423
#074 #001 8,66449886409073 2,0 17,46424919657298
#074 #002 8,51793116919268 1,0 18,35755975068582
#074 #003 12,673411828808145 2,0 23,40939982143925
#074 #004 13,94787424209469 2,0 30,0
#075 #000 18,01120950802511 2,23606797749979 43,18564576337837
#075 #001 11,445423259229 2,0 21,02379604162864
#075 #002 15,857181492124422 7,280109889280518 23,53720459187964
#075 #003 16,714839336078892 2,8284271247461903 26,570660511172846
#075 #004 14,739240893665565 4,242640687119285 27,16615541441225
#076 #000 19,085641746142645 7,810249675906654 29,410882339705484
#076 #001 7,623983246627805 2,0 13,416407864998739
#076 #002 7,115953832405807 0,0 16,401219466856727
#076 #003 9,935884720767817 0,0 21,2602916254693
#076 #004 12,36081980924035 1,4142135623730951 22,135943621178654
#077 #000 7,020422641961445 1,0 20,615528128088304
#077 #001 7,6490415241235254 1,4142135623730951 20,591260281974
#077 #002 10,67742911426336 6,324555320336759 18,681541692269406
#077 #003 13,022430131774374 7,0710678118654755 24,020824298928627
#077 #004 10,815892062550162 5,385164807134504 19,026297590440446
#078 #000 8,04165509119909 1,4142135623730951 22,135943621178654
#078 #001 10,631676578685333 4,123105625617661 20,12461179749811
#078 #002 13,31401152041478 6,082762530298219 28,231188426986208
#078 #003 11,218594476016719 4,47213595499958 19,4164878389476
#078 #004 14,481541524543887 3,1622776601683795 38,58756276314948
#079 #000 6,73388925197526 2,0 15,811388300841896
#079 #001 5,711666192662341 0,0 13,341664064126334
#079 #002 7,1182168053874975 1,0 15,811388300841896
#079 #003 11,071995990188015 5,0 20,591260281974
#079 #004 10,557234162629406 4,123105625617661 20,615528128088304
#080 #000 8,930793927495795 1,0 19,1049731745428
#080 #001 7,88661777065656 1,0 14,560219778561036
#080 #002 7,425327025666245 1,4142135623730951 14,142135623730951
#080 #003 8,393469350456007 1,4142135623730951 17,204650534085253
#080 #004 8,278992783202426 1,0 15,297058540778355
#081 #000 9,038458886136716 1,0 15,033296378372908
#081 #001 9,674931042035091 4,123105625617661 19,697715603592208
#081 #002 11,850819491256495 5,0 23,194827009486403
#081 #003 12,484531835336762 5,0 24,041630560342615
#081 #004 23,487787511870742 2,23606797749979 37,48332962798263
#082 #000 4,880403823836296 0,0 12,041594578792296
#082 #001 6,916228305936296 1,0 15,033296378372908
#082 #002 9,333832650103336 0,0 21,18962010041709
#082 #003 11,667982969794412 0,0 25,553864678361276
#082 #004 10,81303707523606 1,0 23,021728866442675
#083 #000 6,723761995271738 1,0 15,231546211727817
#083 #001 5,5426448688445085 0,0 11,40175425099138
#083 #002 9,203656927322411 1,0 19,313207915827967
#083 #003 10,088151446659595 0,0 22,360679774997898
#083 #004 9,512306294453335 2,0 19,849433241279208
#084 #000 9,83483551800819 0,0 20,396078054371138
#084 #001 11,883622714162371 5,0990195135927845 19,72308292331602
#084 #002 10,681705187909401 0,0 24,20743687382041
#084 #003 10,854076550727047 1,0 21,213203435596427
#084 #004 15,706442955550813 3,1622776601683795 27,459060435491963
#085 #000 9,384520945565015 1,0 21,540659228538015
#085 #001 8,057576609625373 1,0 20,518284528683193
#085 #002 13,075072092278354 5,830951894845301 27,85677655436824
#085 #003 10,733334630485992 0,0 23,769728648009426
#085 #004 10,717598997720518 1,0 27,018512172212592
#086 #000 7,5212840548416615 1,0 18,027756377319946
#086 #001 6,624295122006906 1,0 13,341664064126334
#086 #002 8,536109117955531 0,0 20,12461179749811
#086 #003 10,47899119810341 6,0 17,08800749063506
#086 #004 9,049650030439992 0,0 19,924858845171276
#087 #000 7,4479051023015055 2,8284271247461903 14,142135623730951
#087 #001 7,153019119233025 0,0 21,37755832643195
#087 #002 9,518259705643136 4,47213595499958 16,492422502470642
#087 #003 10,935272685945632 2,23606797749979 19,0
#087 #004 9,817468291974393 0,0 18,601075237738275
#088 #000 5,189219280255215 1,4142135623730951 14,560219778561036
#088 #001 5,973771921654816 1,0 14,560219778561036
#088 #002 5,857280999414702 1,0 14,560219778561036
#088 #003 7,233944407686466 1,0 15,0
#088 #004 5,850889876042906 2,0 14,560219778561036
#089 #000 8,762242764831113 2,0 15,556349186104045
#089 #001 6,423269263970983 3,0 12,041594578792296
#089 #002 4,788184045414824 1,0 12,041594578792296
#089 #003 6,019497934473324 1,4142135623730951 17,08800749063506
#089 #004 5,922150289712288 1,0 17,72004514666935
#090 #000 11,914915461462705 5,830951894845301 21,540659228538015
#090 #001 5,28849755240064 0,0 12,806248474865697
#090 #002 6,740816778129679 1,0 17,26267650163207
#090 #004 7,365148608655959 3,0 16,1245154965971
#091 #000 6,456916892247548 3,0 11,40175425099138
#091 #001 4,781906992905471 1,0 8,602325267042627
#091 #002 6,633579247226562 2,23606797749979 15,556349186104045
#091 #003 8,855437787012523 1,0 20,808652046684813
#091 #004 5,26158850177356 0,0 14,7648230602334
#092 #000 3,9677249906367016 0,0 11,0
#092 #001 4,2339029647037 0,0 10,816653826391969
#092 #002 6,263483542415528 0,0 20,248456731316587
#092 #003 3,7951208547106567 0,0 8,48528137423857
#092 #004 7,7817973485011365 1,4142135623730951 13,038404810405298
#093 #000 6,387188958196491 0,0 14,422205101855956
#093 #001 4,880001025524238 1,0 10,295630140987
#093 #002 6,00793991660484 1,0 14,560219778561036
#093 #003 5,7683710607469685 0,0 14,212670403551895
#093 #004 5,243425870459263 0,0 14,422205101855956
#094 #000 6,72455431499759 0,0 17,029386365926403
#094 #001 6,3457280901518 1,4142135623730951 13,038404810405298
#094 #002 8,613493820426056 0,0 18,601075237738275
#094 #003 7,412755145400022 2,0 15,811388300841896
#094 #004 5,100865026406213 1,4142135623730951 16,278820596099706
#095 #000 6,128338349447123 1,0 17,4928556845359
#095 #001 3,1321797034751064 1,0 8,602325267042627
#095 #002 6,841162585674858 1,0 17,204650534085253
#095 #003 5,990416032227037 1,0 12,649110640673518
#095 #004 8,724932743593845 2,0 20,615528128088304
#096 #000 7,2583854691496335 1,4142135623730951 16,1245154965971
#096 #001 3,9977068044171515 1,0 12,649110640673518
#096 #002 4,814431915640421 0,0 14,212670403551895
#096 #003 5,137733542021376 0,0 18,867962264113206
#096 #004 5,703114814481218 1,0 13,892443989449804
#097 #000 10,458567257831113 3,605551275463989 23,08679276123039
#097 #001 10,19982488212039 1,0 24,08318915758459
#097 #002 9,582527657304716 6,082762530298219 13,892443989449804
#097 #003 15,842328080754612 5,656854249492381 27,730849247724095
#097 #004 16,782252750822906 2,0 45,70557952810576
#098 #000 5,322047591017695 0,0 15,231546211727817
#098 #001 3,4305788055825777 0,0 12,0
#098 #002 4,4858977056875196 1,0 12,36931687685298
#098 #003 8,08051390425163 1,0 23,259406699226016
#098 #004 7,657096246103872 1,4142135623730951 17,69180601295413
#099 #000 5,9302152055716615 1,0 18,24828759089466
#099 #001 5,326648241200495 2,0 10,04987562112089
#099 #002 8,396552857332935 2,0 18,973665961010276
#099 #003 3,5782439445613474 0,0 10,0
#099 #004 10,044285354941877 4,123105625617661 18,867962264113206
#100 #000 8,778287463360028 2,0 21,400934559032695
#100 #001 7,651596327376774 2,8284271247461903 17,11724276862369
#100 #002 8,021063620328452 1,0 19,209372712298546
#100 #003 6,579054678148913 1,0 19,235384061671343
#100 #004 10,681753710845758 5,385164807134504 17,029386365926403
#100 #005 4,936870397105891 1,0 8,602325267042627
#100 #006 6,096879309001358 2,0 11,045361017187261
#100 #007 7,535058187001026 1,4142135623730951 14,422205101855956
#100 #008 6,10445465798691 1,4142135623730951 13,45362404707371
#100 #009 7,3174757007507365 2,0 16,1245154965971
#101 #000 11,977529160628768 6,082762530298219 20,248456731316587
#101 #001 11,859463655823163 6,4031242374328485 22,135943621178654
#101 #002 12,446555357657811 6,082762530298219 20,615528128088304
#101 #003 6,048483712866267 1,0 12,041594578792296
#101 #004 9,295848940372839 2,23606797749979 22,47220505424423
