#001 #000 8,326953539546484 1,4142135623730951 16,278820596099706
#001 #001 3,580060475230179 0,0 14,317821063276353
#001 #002 3,5336148653563306 1,0 5,830951894845301
#001 #003 4,8542810070015046 0,0 21,93171219946131
#001 #004 14,526794014064825 2,0 21,470910553583888
#001 #005 10,029692161354879 0,0 19,0
#001 #006 4,799517595050639 1,0 19,4164878389476
#001 #007 6,075063906724864 1,0 19,026297590440446
#001 #008 8,062535810741586 2,23606797749979 32,31098884280702
#001 #009 14,30499268674458 3,1622776601683795 26,1725046566048
#002 #000 7,952460730742219 1,0 19,6468827043885
#002 #001 4,695054925987499 0,0 11,0
#002 #002 6,8341710598799015 1,4142135623730951 14,142135623730951
#002 #003 7,492213983629908 2,23606797749979 16,76305461424021
#002 #004 13,534978698666672 6,0 25,238858928247925
#003 #000 10,917831455575216 2,23606797749979 17,4928556845359
#003 #001 8,00978554021873 1,0 12,649110640673518
#003 #002 3,1472545958739007 0,0 5,385164807134504
#003 #003 4,706435757877025 0,0 8,94427190999916
#003 #004 6,4507486554168745 1,0 11,180339887498949
#004 #000 11,815597541979217 2,23606797749979 21,18962010041709
#004 #001 6,643945376248617 0,0 18,027756377319946
#004 #002 2,968722238750204 0,0 9,055385138137417
#004 #003 3,7282714918138136 0,0 8,06225774829855
#004 #004 7,672159092914074 0,0 16,15549442140351
#005 #000 11,363558454483591 3,1622776601683795 20,615528128088304
#005 #001 4,798484840362285 0,0 10,0
#005 #002 8,728225106851163 6,082762530298219 11,180339887498949
#005 #003 3,6084783757594 0,0 8,602325267042627
#005 #004 6,740186085965235 2,23606797749979 11,704699910719626
#006 #000 17,992769249691577 2,0 27,586228448267445
#006 #001 11,061798242826299 2,0 20,09975124224178
#006 #002 6,056341644674854 1,0 11,180339887498949
#006 #003 10,147957684975282 1,0 27,0
#006 #004 11,80999498609363 1,4142135623730951 35,84689665786984
#007 #000 8,163006462486779 0,0 15,297058540778355
#007 #001 6,407527154698419 2,23606797749979 12,649110640673518
#007 #002 6,35933958146037 0,0 11,180339887498949
#007 #003 9,35998093520007 2,8284271247461903 15,297058540778355
#007 #004 6,420785269629453 1,0 11,180339887498949
#008 #002 7,734616370309482 2,23606797749979 13,341664064126334
#008 #003 8,01022556060676 1,0 20,615528128088304
#008 #004 10,460221285934852 0,0 23,0
#009 #000 24,430240100101354 7,280109889280518 39,395431207184416
#009 #001 14,508937497785313 6,4031242374328485 19,72308292331602
#009 #002 2,821049500802326 1,0 6,708203932499369
#009 #003 4,545691708928028 0,0 13,0
#009 #004 4,165395353853782 1,0 6,708203932499369
#010 #000 10,411012629431852 3,605551275463989 16,401219466856727
#010 #001 6,977045262834089 3,605551275463989 15,264337522473747
#010 #002 3,160743106402386 0,0 6,324555320336759
#010 #003 2,866587742967712 1,0 9,055385138137417
#010 #004 8,199212369378852 0,0 19,1049731745428
#011 #000 10,13813090809167 2,8284271247461903 16,1245154965971
#011 #001 7,93285972478832 3,605551275463989 17,4928556845359
#011 #002 5,4632964433804325 1,0 13,152946437965905
#011 #003 4,9590489890747245 2,0 10,0
#011 #004 10,762374619360754 3,605551275463989 17,029386365926403
#012 #000 10,270078356448211 2,8284271247461903 18,027756377319946
#012 #001 7,865959191864706 2,8284271247461903 17,72004514666935
#012 #002 5,465552179250827 2,23606797749979 10,198039027185569
#013 #000 11,708730341731187 4,47213595499958 19,1049731745428
#013 #001 7,72018044001984 1,0 17,804493814764857
#013 #002 5,085640339843711 0,0 9,899494936611665
#013 #003 13,54607760004772 6,708203932499369 25,612496949731394
#013 #004 14,112724906464038 7,280109889280518 21,02379604162864
#014 #000 13,528251259332606 1,0 20,808652046684813
#014 #001 7,477153421319122 2,23606797749979 14,142135623730951
#014 #002 7,588385996882721 1,0 22,20360331117452
#014 #003 10,10522260003335 0,0 24,08318915758459
#014 #004 15,586058048611529 0,0 37,12142238654117
#015 #000 6,470597334040614 0,0 13,92838827718412
#015 #001 4,831742886270998 1,0 12,36931687685298
#015 #002 3,475247692167841 0,0 11,180339887498949
#015 #003 4,321145053844714 1,0 10,770329614269007
#015 #004 8,817077758039542 1,0 14,866068747318506
#016 #000 20,242564947444773 5,830951894845301 28,284271247461902
#016 #001 9,890043322116142 2,23606797749979 24,515301344262525
#016 #002 10,276247097337844 1,4142135623730951 26,1725046566048
#016 #003 8,46805096070715 3,1622776601683795 18,601075237738275
#016 #004 11,719008800240887 2,0 19,313207915827967
#017 #000 6,915950578835924 1,4142135623730951 14,212670403551895
#017 #001 6,031548343010017 1,0 15,033296378372908
#017 #002 5,350694152873295 1,0 14,317821063276353
#017 #003 7,841981271809512 2,0 18,439088914585774
#017 #004 13,275120682979342 2,0 18,439088914585774
#018 #000 9,163204943086768 1,0 15,524174696260024
#018 #001 4,541627831093209 0,0 10,770329614269007
#018 #002 4,982668362048206 0,0 10,198039027185569
#018 #003 4,412500427122724 1,0 9,219544457292887
#018 #004 9,403442383556445 0,0 19,6468827043885
#019 #000 11,288593348738528 1,0 19,4164878389476
#019 #001 8,202635426588076 1,0 16,1245154965971
#019 #002 9,46043570342861 4,123105625617661 15,132745950421556
#019 #003 5,526755272586554 1,4142135623730951 9,219544457292887
#019 #004 9,986754552118136 0,0 21,470910553583888
#020 #000 9,865426725762688 1,0 15,033296378372908
#020 #001 5,675985858556252 1,0 12,083045973594572
#020 #002 6,812658768810543 1,0 16,0312195418814
#020 #003 7,329587321398634 2,0 18,681541692269406
#020 #004 10,193606320257267 2,0 20,12461179749811
#021 #000 8,351977834347371 2,23606797749979 15,033296378372908
#021 #001 5,880455972327136 0,0 13,0
#021 #002 8,667530907434482 2,8284271247461903 17,11724276862369
#021 #003 7,404400594388907 1,0 20,024984394500787
#021 #004 8,331960994678937 2,0 20,248456731316587
#022 #000 10,331972795834425 0,0 17,804493814764857
#022 #001 6,626903885237218 1,4142135623730951 13,0
#022 #002 3,27046292645446 0,0 6,324555320336759
#022 #003 7,206963214261867 2,0 15,033296378372908
#022 #004 9,314996262815999 2,0 15,811388300841896
#023 #000 10,216600646730056 1,0 14,866068747318506
#023 #001 6,226222848568965 1,0 12,649110640673518
#023 #002 3,923404132728385 0,0 8,246211251235321
#023 #003 6,427944217924706 2,8284271247461903 12,041594578792296
#023 #004 9,270683256421654 0,0 18,439088914585774
#024 #000 12,206592307755953 1,4142135623730951 20,591260281974
#024 #001 5,630812980752317 1,4142135623730951 16,15549442140351
#024 #002 3,4131862012767296 0,0 10,198039027185569
#024 #003 5,298755785363376 0,0 15,811388300841896
#024 #004 12,217569263798051 1,0 18,027756377319946
#024 #005 17,432952831224977 2,0 27,65863337187866
#024 #006 4,006710107866338 0,0 11,180339887498949
#024 #007 4,931097955320095 0,0 13,0
#024 #008 51,7824859203106 29,966648127543394 70,06425622241343
#024 #009 10,912808879730916 4,123105625617661 15,033296378372908
#025 #000 8,722557591380665 1,0 14,142135623730951
#025 #001 4,139402242551352 1,0 13,152946437965905
#025 #002 2,410843511807346 0,0 6,082762530298219
#025 #003 6,408203748162343 1,4142135623730951 16,55294535724685
#025 #004 9,38819699843188 2,0 17,69180601295413
#026 #000 9,671828268173295 2,0 20,248456731316587
#026 #001 7,770829060614851 1,0 22,47220505424423
#026 #002 10,309631874030925 1,4142135623730951 30,364452901377952
#026 #003 4,862422188442779 1,0 16,278820596099706
#026 #004 7,038845119237308 2,23606797749979 14,317821063276353
#027 #000 11,105411824272924 1,0 27,85677655436824
#027 #001 5,34024452646164 0,0 16,492422502470642
#027 #002 3,8367231823713706 1,0 11,0
#027 #003 4,857803622923666 1,0 8,06225774829855
#027 #004 9,944911121432291 1,4142135623730951 28,231188426986208
#028 #000 7,6456234449208225 2,23606797749979 12,529964086141668
#028 #001 4,839677109712053 1,4142135623730951 12,649110640673518
#028 #002 3,379676204136779 1,0 6,708203932499369
#028 #003 5,266243075661674 1,0 10,770329614269007
#028 #004 6,456417305546601 1,4142135623730951 14,142135623730951
#029 #000 13,28381287516603 4,242640687119285 22,80350850198276
#029 #001 4,990782361827628 1,0 13,341664064126334
#029 #002 2,9127631745683606 0,0 8,246211251235321
#029 #003 4,695933497331688 0,0 11,40175425099138
#029 #004 9,994041934778389 2,0 16,55294535724685
#030 #000 15,31684401607667 3,1622776601683795 23,323807579381203
#030 #001 5,8025237937673 3,0 9,219544457292887
#030 #002 2,1922209175365728 0,0 6,4031242374328485
#030 #003 6,3322151600823355 3,0 14,866068747318506
#030 #004 8,092286103253521 1,0 14,7648230602334
#031 #000 8,552983207218883 2,8284271247461903 22,561028345356956
#031 #001 4,718126055218509 1,0 10,198039027185569
#031 #002 2,2841971941839114 0,0 6,324555320336759
#031 #003 3,4800885011446767 0,0 7,0
#031 #004 7,688493961065556 2,23606797749979 12,041594578792296
#031 #005 2,8606384064365447 0,0 8,246211251235321
#031 #006 5,7998503748824275 2,8284271247461903 11,045361017187261
#031 #007 5,643019540889704 1,0 13,038404810405298
#031 #008 6,843598328629308 1,0 17,029386365926403
#031 #009 6,0268417584195015 1,0 11,045361017187261
#031 #010 4,733275262110376 1,0 8,246211251235321
#031 #011 5,598425699199801 1,0 12,041594578792296
#031 #012 6,305706224837685 1,4142135623730951 14,035668847618199
#031 #013 14,32568264183945 3,1622776601683795 33,61547262794322
#031 #014 4,141646530013167 1,4142135623730951 8,0
#032 #000 19,43445699347181 5,385164807134504 38,2099463490856
#032 #001 8,52002707395427 2,23606797749979 18,110770276274835
#032 #002 10,404122463376357 3,0 19,235384061671343
#032 #003 8,175471525942685 1,0 19,1049731745428
#032 #004 15,752218969644272 2,23606797749979 26,570660511172846
#032 #005 13,258032114198695 1,0 20,615528128088304
#032 #006 4,905560711479551 0,0 12,36931687685298
#032 #007 12,347339865369344 1,4142135623730951 22,47220505424423
#032 #008 10,211235447545462 1,4142135623730951 22,135943621178654
#032 #009 45,759509159867314 7,0 90,70832376358854
#033 #000 16,076184977891113 2,0 31,400636936215164
#033 #001 10,041066252123718 3,0 19,1049731745428
#033 #002 4,645333146153227 1,4142135623730951 11,0
#033 #003 10,092410976146622 4,123105625617661 14,317821063276353
#033 #004 12,247314077240617 1,0 22,47220505424423
#034 #000 10,691875084578282 1,0 22,02271554554524
#034 #001 9,156060297051214 1,4142135623730951 18,973665961010276
#034 #002 45,652182459554936 22,80350850198276 67,72001181334805
#034 #003 5,084255845585098 1,0 10,0
#034 #004 9,067422317032479 2,0 20,248456731316587
#035 #000 9,768664677771486 1,4142135623730951 19,4164878389476
#035 #001 6,518312586257824 1,0 17,26267650163207
#035 #002 6,023506372394886 0,0 11,180339887498949
#035 #003 8,317453330826106 2,0 15,652475842498529
#035 #004 11,495439180759604 2,23606797749979 21,02379604162864
#036 #000 'No face detection'
#036 #001 10,318495618406219 0,0 24,020824298928627
#036 #002 8,99705736364945 1,0 20,0
#036 #003 8,09536904199865 0,0 15,132745950421556
#036 #004 23,895381506071086 1,4142135623730951 42,485291572496
#037 #000 11,182166969125317 2,0 20,09975124224178
#037 #001 6,669331538448383 0,0 16,15549442140351
#037 #002 4,249270250851133 0,0 13,038404810405298
#037 #003 5,550800948236706 1,0 16,55294535724685
#037 #004 7,8379559001138865 1,0 15,620499351813308
#038 #000 11,661910500382628 2,0 20,024984394500787
#038 #001 12,876855176205693 1,0 21,213203435596427
#038 #002 11,516434837339466 2,8284271247461903 20,09975124224178
#038 #003 12,306994756165516 3,1622776601683795 21,37755832643195
#038 #004 18,73209885206713 2,0 30,083217912982647
#039 #000 15,0658884986863 1,0 24,839484696748443
#039 #001 8,222178413658973 0,0 15,524174696260024
#039 #002 11,334794195445006 4,123105625617661 21,587033144922902
#039 #003 12,599877516852398 2,8284271247461903 20,248456731316587
#039 #004 18,66192110821256 4,47213595499958 29,0
#040 #000 13,024499859117086 2,8284271247461903 25,553864678361276
#040 #001 6,748015154739782 1,0 17,26267650163207
#040 #002 9,37987894875561 1,0 20,024984394500787
#040 #003 10,546495174310921 3,0 22,0
#040 #004 17,331764932357046 4,47213595499958 27,459060435491963
#040 #005 17,3297641323387 4,47213595499958 32,55764119219941
#040 #006 9,71346903322712 2,23606797749979 23,53720459187964
#040 #007 8,589891205546271 3,1622776601683795 22,090722034374522
#040 #008 7,633252021113617 1,0 16,0312195418814
#040 #009 12,218833143063714 2,23606797749979 22,847319317591726
#041 #000 8,33332398531195 0,0 19,0
#041 #001 12,854543455883485 1,0 24,331050121192877
#041 #002 13,047214938541616 3,1622776601683795 20,396078054371138
#041 #003 12,43589694855584 2,8284271247461903 19,924858845171276
#041 #004 'No face detection'
#042 #000 9,20613116612715 2,0 14,142135623730951
#042 #001 8,044062698845078 2,0 18,24828759089466
#042 #002 7,7124962497924 0,0 18,0
#042 #003 8,077812850099187 2,23606797749979 13,038404810405298
#042 #004 18,920462315489768 3,605551275463989 30,886890422961002
#043 #000 11,498037085306612 1,4142135623730951 29,832867780352597
#043 #001 8,060489920120014 2,23606797749979 17,08800749063506
#043 #002 35,81572550677109 26,019223662515376 54,45181356024793
#043 #003 34,76120841054568 21,02379604162864 51,03920062069938
#043 #004 16,20967942310842 3,605551275463989 25,059928172283335
#044 #000 16,615843572980854 4,123105625617661 27,65863337187866
#044 #001 10,673535316104305 3,1622776601683795 22,80350850198276
#044 #002 3,3583303407062566 0,0 10,0
#044 #003 7,690273633103205 1,4142135623730951 14,035668847618199
#044 #004 12,876988971543756 1,0 20,8806130178211
#045 #000 14,552101886714345 1,4142135623730951 29,68164415931166
#045 #001 7,020167878459067 2,8284271247461903 12,165525060596439
#045 #002 4,28193382738183 1,0 11,704699910719626
#045 #003 8,369494428208228 2,0 15,132745950421556
#045 #004 11,411410549196592 1,4142135623730951 18,439088914585774
#046 #000 14,528014349288522 1,4142135623730951 26,832815729997478
#046 #001 7,046104017467341 1,0 16,1245154965971
#046 #002 9,72559184032765 1,0 22,02271554554524
#046 #003 10,961255934794911 0,0 19,1049731745428
#046 #004 14,695024376735523 4,123105625617661 22,20360331117452
#047 #000 11,726660476106563 1,0 26,0
#047 #001 8,137143909407724 1,0 24,020824298928627
#047 #002 8,33394250406973 3,0 20,223748416156685
#047 #003 10,716943424807928 2,23606797749979 22,090722034374522
#047 #004 12,182810343181243 3,1622776601683795 19,72308292331602
#048 #000 15,750280744159841 1,0 26,92582403567252
#048 #001 8,071277894168041 0,0 19,1049731745428
#048 #002 9,122167266354653 2,23606797749979 18,0
#048 #003 8,268328897081457 2,8284271247461903 17,029386365926403
#048 #004 22,067675070804153 2,0 39,84971769034255
#049 #000 9,650135737719914 3,605551275463989 24,08318915758459
#049 #001 9,744725978857279 4,0 20,09975124224178
#049 #002 10,976079691089577 2,23606797749979 19,4164878389476
#049 #003 10,445047698285842 1,4142135623730951 20,024984394500787
#049 #004 13,36189426719258 6,4031242374328485 19,026297590440446
#050 #000 10,069501479060483 1,0 27,85677655436824
#050 #001 10,137827849669149 0,0 27,459060435491963
#050 #002 10,355169597207144 0,0 20,024984394500787
#050 #003 10,717358813798896 2,23606797749979 20,248456731316587
#050 #004 13,455844003925026 3,0 25,0
#051 #000 12,60283140253134 1,0 25,495097567963924
#051 #001 10,106922939252083 1,0 25,0
#051 #002 9,491677571981434 2,0 20,0
#051 #003 8,746661165174539 0,0 15,524174696260024
#051 #004 15,155661997264952 3,1622776601683795 27,65863337187866
#052 #000 15,370162342942235 1,0 27,459060435491963
#052 #001 6,017196307503293 1,0 14,866068747318506
#052 #002 5,532807078439022 1,0 17,11724276862369
#052 #003 11,083630758304253 1,4142135623730951 23,706539182259394
#052 #004 15,918533424735829 3,1622776601683795 25,495097567963924
#053 #000 16,109679802791042 7,0 24,758836806279895
#053 #001 7,602661283283129 2,0 18,384776310850235
#053 #002 8,627439970019081 3,605551275463989 20,248456731316587
#053 #003 5,226906061713755 1,0 19,4164878389476
#053 #004 11,380518463211523 3,605551275463989 24,758836806279895
#054 #000 9,131914677593109 1,0 15,0
#054 #001 4,285830882998736 1,0 12,165525060596439
#054 #002 3,1082104549727236 0,0 13,038404810405298
#054 #003 4,788081911748278 0,0 12,36931687685298
#054 #004 12,035670673971525 3,605551275463989 21,02379604162864
#055 #000 9,875569888944044 2,8284271247461903 21,93171219946131
#055 #001 5,000032831517657 1,0 12,727922061357855
#055 #002 2,4478062253047996 0,0 8,06225774829855
#055 #003 6,126934069467334 1,0 14,035668847618199
#055 #004 6,9461908423934675 0,0 14,422205101855956
#056 #000 12,895446559429628 1,0 25,495097567963924
#056 #001 6,808663087293276 1,0 14,142135623730951
#056 #002 5,1782692611838606 2,23606797749979 9,055385138137417
#056 #003 4,3745238554250925 1,0 11,180339887498949
#056 #004 10,214526948505428 3,605551275463989 13,92838827718412
#057 #000 3,9291347191184247 0,0 10,44030650891055
#057 #001 2,319631233479843 0,0 6,4031242374328485
#057 #002 1,4457524491692437 0,0 5,0990195135927845
#057 #003 3,368277859131555 1,0 9,219544457292887
#057 #004 7,171608324323785 1,0 14,035668847618199
#058 #000 12,767587610775397 1,0 20,615528128088304
#058 #001 7,034007955990727 2,23606797749979 9,848857801796104
#058 #002 7,535678843781797 2,23606797749979 13,038404810405298
#058 #003 7,775485631228806 1,4142135623730951 13,416407864998739
#058 #004 16,80920187877276 2,23606797749979 24,413111231467404
#059 #000 14,900214318117701 2,0 29,732137494637012
#059 #001 8,00034231758629 0,0 18,027756377319946
#059 #002 2,8596441034758553 0,0 8,246211251235321
#059 #003 10,472989531479273 3,0 15,811388300841896
#059 #004 16,419529539674585 2,0 25,019992006393608
#060 #000 7,0592111517339635 0,0 19,313207915827967
#060 #001 4,791260425922767 0,0 13,416407864998739
#060 #002 32,95782153926663 22,20360331117452 50,00999900019995
#060 #003 5,347145354212606 1,0 12,649110640673518
#060 #004 7,7967778450226355 2,8284271247461903 13,038404810405298
#061 #000 9,885568920782076 1,0 20,615528128088304
#061 #001 6,497296887049961 1,0 18,0
#061 #002 3,9175992400235704 0,0 15,033296378372908
#061 #003 5,6322159876616515 1,0 10,44030650891055
#061 #004 9,89697255658715 1,0 18,35755975068582
#062 #000 18,099596060297955 7,0 26,570660511172846
#062 #001 15,58363796794369 4,47213595499958 24,515301344262525
#062 #002 13,327228309899466 4,123105625617661 21,02379604162864
#062 #003 11,51277665034443 6,0 16,1245154965971
#062 #004 13,810307595738792 1,0 21,840329667841555
#063 #000 11,626284191048835 3,1622776601683795 23,323807579381203
#063 #001 7,759790820875719 2,0 18,973665961010276
#063 #002 8,443686560501307 5,385164807134504 11,0
#063 #003 6,894844757162792 2,23606797749979 16,0
#063 #004 12,032171040588391 2,23606797749979 21,18962010041709
#064 #000 6,241272546527348 1,4142135623730951 9,055385138137417
#064 #001 4,054986932181573 1,0 9,433981132056603
#064 #002 4,5304353732937015 1,4142135623730951 9,219544457292887
#064 #003 4,179756149950749 1,4142135623730951 11,180339887498949
#064 #004 8,639053512595295 0,0 18,788294228055936
#065 #000 19,159058538081666 5,385164807134504 30,59411708155671
#065 #001 11,404631363647347 8,602325267042627 16,278820596099706
#065 #002 11,629403643168715 9,0 14,142135623730951
#065 #003 12,525622966523517 5,0 18,110770276274835
#065 #004 25,0569037202642 3,0 50,24937810560445
#066 #000 9,530231362484091 2,23606797749979 13,152946437965905
#066 #001 7,763301214564403 0,0 16,76305461424021
#066 #002 3,551193794016198 0,0 13,0
#066 #003 6,190240714293871 2,0 12,727922061357855
#066 #004 13,238489132094147 1,4142135623730951 25,238858928247925
#067 #000 10,018777424256777 1,4142135623730951 19,924858845171276
#067 #001 8,589152093306598 1,0 19,4164878389476
#067 #002 4,239022072251081 0,0 10,295630140987
#067 #003 6,461645365101636 1,0 13,892443989449804
#067 #004 16,1268041800009 3,0 26,90724809414742
#068 #000 8,765515544024794 1,0 16,401219466856727
#068 #001 7,763753020825514 1,0 13,341664064126334
#068 #002 7,848485601461043 3,0 12,649110640673518
#068 #003 8,14319205508012 1,4142135623730951 12,36931687685298
#068 #004 12,938461471521974 4,123105625617661 19,209372712298546
#069 #000 9,342834192801245 1,4142135623730951 18,027756377319946
#069 #001 6,2583240364023895 1,0 13,341664064126334
#069 #002 4,803792235022596 1,0 11,40175425099138
#069 #003 7,324262798882516 1,0 11,40175425099138
#069 #004 15,404608251269925 1,0 25,96150997149434
#070 #000 7,763412008499619 3,605551275463989 15,264337522473747
#070 #001 6,820226696167901 1,0 16,1245154965971
#070 #002 5,313324745889782 1,0 10,816653826391969
#070 #003 8,370180353403915 1,0 20,024984394500787
#070 #004 15,531829155553945 2,23606797749979 27,294688127912362
#071 #000 6,732928007045693 0,0 13,416407864998739
#071 #001 4,6338870880768015 1,0 15,297058540778355
#071 #002 8,137018586842073 1,4142135623730951 20,248456731316587
#071 #003 9,165081181515424 0,0 17,0
#071 #004 12,195224562585933 2,0 22,47220505424423
#072 #000 20,527251709174944 3,605551275463989 29,5296461204668
#072 #001 17,49605344938862 9,055385138137417 28,160255680657446
#072 #002 19,01749574997818 5,0990195135927845 33,015148038438355
#072 #003 18,563837412543513 5,0990195135927845 31,064449134018133
#072 #004 39,72347887507635 7,280109889280518 62,93647591023825
#073 #000 6,72731764762574 1,0 14,142135623730951
#073 #001 6,292726217400053 0,0 13,152946437965905
#073 #002 7,780140214226101 0,0 17,029386365926403
#073 #003 7,1518352376269405 1,4142135623730951 13,0
#073 #004 10,479717438836449 1,4142135623730951 15,811388300841896
#074 #000 17,501730789487024 6,324555320336759 24,08318915758459
#074 #001 17,35982987710966 8,94427190999916 24,515301344262525
#074 #002 10,76687866372559 5,656854249492381 14,317821063276353
#074 #003 10,072830483790232 4,123105625617661 18,027756377319946
#074 #004 13,284617173548753 1,0 20,615528128088304
#075 #000 20,986674217600477 5,0 29,068883707497267
#075 #001 15,605585883911669 7,211102550927978 24,166091947189145
#075 #002 16,891169854642104 8,06225774829855 23,194827009486403
#075 #003 17,139056924831987 2,0 26,40075756488817
#075 #004 48,387757921274854 18,439088914585774 71,56116265125938
#076 #000 32,594253717284076 17,08800749063506 45,617978911828175
#076 #001 13,583099471662806 6,708203932499369 21,470910553583888
#076 #002 12,964295241977565 7,810249675906654 22,360679774997898
#076 #003 12,11267868763549 1,0 25,495097567963924
#076 #004 16,082556397989773 2,0 30,59411708155671
#077 #000 12,498583675862402 0,0 22,847319317591726
#077 #001 9,714452767947487 2,23606797749979 21,587033144922902
#077 #002 9,402338901480597 2,0 22,135943621178654
#077 #003 8,940310164920774 1,0 21,0
#077 #004 9,916956927699413 2,23606797749979 24,596747752497688
#078 #000 18,71836203699915 8,06225774829855 27,0
#078 #001 14,155747085227853 9,848857801796104 25,0
#078 #002 12,221103596649534 6,708203932499369 23,08679276123039
#078 #003 9,00441925874388 1,4142135623730951 23,021728866442675
#078 #004 10,958893727092798 2,23606797749979 21,213203435596427
#079 #000 12,895522898097866 3,605551275463989 18,439088914585774
#079 #001 10,284555886468082 6,082762530298219 17,69180601295413
#079 #002 7,744103215119935 2,8284271247461903 12,206555615733702
#079 #003 10,245756663653895 2,8284271247461903 19,6468827043885
#079 #004 8,667684655220222 2,0 21,095023109728988
#080 #000 15,495779303406971 0,0 28,178005607210743
#080 #001 10,869191974001343 5,0990195135927845 16,15549442140351
#080 #002 8,934239085104208 0,0 18,384776310850235
#080 #003 7,914768281256755 1,0 19,209372712298546
#080 #004 9,012422524216715 1,0 17,029386365926403
#081 #000 14,07543237978393 1,0 20,248456731316587
#081 #001 7,770051331301719 4,123105625617661 18,0
#081 #002 7,19604340396091 3,605551275463989 13,0
#081 #003 7,641999423344311 2,8284271247461903 15,524174696260024
#081 #004 11,799733661092079 3,1622776601683795 23,021728866442675
#082 #000 12,03448185167552 8,48528137423857 15,524174696260024
#082 #001 9,199176891245239 1,0 17,46424919657298
#082 #002 6,196929544327648 3,1622776601683795 16,76305461424021
#082 #003 6,055287905204832 3,1622776601683795 13,45362404707371
#082 #004 9,386120541503152 2,0 22,360679774997898
#083 #000 17,26387664385433 5,0990195135927845 21,587033144922902
#083 #001 9,736966835836512 2,8284271247461903 15,297058540778355
#083 #002 8,311295537501632 1,0 13,038404810405298
#083 #003 7,496273775329827 2,0 24,839484696748443
#083 #004 8,320936885309207 1,4142135623730951 16,64331697709324
#084 #000 14,599766806895461 4,123105625617661 19,235384061671343
#084 #001 9,909376603717423 5,0 15,132745950421556
#084 #002 11,696029634971515 7,280109889280518 19,849433241279208
#084 #003 6,320748101254233 0,0 23,021728866442675
#084 #004 10,18942907996789 1,0 16,1245154965971
#085 #000 17,106239475957562 5,0990195135927845 25,238858928247925
#085 #001 9,62085962927608 3,0 19,235384061671343
#085 #002 10,057359755067878 3,605551275463989 18,681541692269406
#085 #003 9,772462467088593 1,4142135623730951 20,8806130178211
#085 #004 9,844614572689897 1,4142135623730951 17,0
#086 #000 13,503835658238344 3,605551275463989 17,804493814764857
#086 #001 10,319366758164316 3,1622776601683795 15,811388300841896
#086 #002 9,036669314920601 2,8284271247461903 14,317821063276353
#086 #003 7,379305939249735 0,0 14,317821063276353
#086 #004 8,294467588012266 1,0 14,035668847618199
#087 #000 20,52699677365198 9,486832980505138 29,410882339705484
#087 #001 18,96807318344482 11,045361017187261 29,698484809834994
#087 #002 3,2366653198180897 1,0 7,0710678118654755
#087 #003 4,0993003831117845 1,0 6,708203932499369
#087 #004 12,540120633239209 2,0 18,867962264113206
#088 #000 12,916266783784396 1,0 24,839484696748443
#088 #001 4,5017955159380225 0,0 10,816653826391969
#088 #002 3,904604001799196 1,0 6,708203932499369
#088 #003 7,27454696754727 0,0 15,231546211727817
#088 #004 13,016963609439287 2,23606797749979 20,615528128088304
#089 #000 13,91482525136486 2,0 21,95449840010015
#089 #001 4,216122119896674 0,0 15,652475842498529
#089 #002 3,728854940636687 1,0 10,44030650891055
#089 #003 5,311878023254004 1,0 14,035668847618199
#089 #004 6,020388399940559 1,0 18,24828759089466
#090 #000 12,0862725895689 1,0 26,076809620810597
#090 #001 6,105466647213653 1,0 19,313207915827967
#090 #002 2,9242353496801994 0,0 8,54400374531753
#090 #004 10,452659491067443 3,0 16,401219466856727
#091 #000 8,00428972945552 0,0 16,15549442140351
#091 #001 6,2623727250203425 1,4142135623730951 13,601470508735444
#091 #002 5,136967210359591 2,23606797749979 8,06225774829855
#091 #003 3,7714493301565244 1,0 6,4031242374328485
#091 #004 13,253279541154273 3,1622776601683795 26,40075756488817
#092 #000 8,025932757123234 1,0 15,811388300841896
#092 #001 4,833693649414214 0,0 11,661903789690601
#092 #002 3,3939321394509183 0,0 8,06225774829855
#092 #003 4,8195042876256124 0,0 11,0
#092 #004 6,5880076076446485 1,4142135623730951 16,64331697709324
#093 #000 9,701512587073651 2,23606797749979 21,0
#093 #001 6,882755159791749 0,0 19,6468827043885
#093 #002 3,166613451264009 1,4142135623730951 6,708203932499369
#093 #003 5,815275777340307 2,0 10,198039027185569
#093 #004 9,395843176669405 2,0 22,47220505424423
#094 #000 14,68481330922266 2,23606797749979 27,586228448267445
#094 #001 7,055809513315116 1,0 17,26267650163207
#094 #002 6,594266951678759 1,0 17,26267650163207
#094 #003 5,197237276981177 1,4142135623730951 10,63014581273465
#094 #004 10,238027461746904 2,23606797749979 16,64331697709324
#095 #000 7,325883755217906 1,0 19,0
#095 #001 5,036804408533032 0,0 16,0312195418814
#095 #002 2,578354558873057 0,0 7,615773105863909
#095 #003 4,9670554866545515 1,4142135623730951 14,317821063276353
#095 #004 9,615202158330646 1,0 13,601470508735444
#096 #000 11,081717707991181 2,23606797749979 26,076809620810597
#096 #001 3,9000131817387 1,0 14,035668847618199
#096 #002 1,7258142732111783 0,0 5,385164807134504
#096 #003 4,290370550558312 1,0 14,142135623730951
#096 #004 7,84379948924351 0,0 15,620499351813308
#097 #000 22,48428401376331 12,041594578792296 33,24154027718932
#097 #001 12,794146480481116 3,605551275463989 27,586228448267445
#097 #002 6,849529866508983 0,0 18,681541692269406
#097 #003 7,446217968107472 2,0 12,529964086141668
#097 #004 16,11870289775797 1,0 35,11409973215888
#098 #000 10,198286649443299 1,0 20,12461179749811
#098 #001 7,143122269568803 1,0 16,278820596099706
#098 #002 2,919086425261767 1,0 5,385164807134504
#098 #003 4,927287694742619 1,0 10,770329614269007
#098 #004 16,04618159579179 1,0 27,586228448267445
#099 #000 12,38117185663156 1,0 19,209372712298546
#099 #001 4,209132484255369 2,23606797749979 8,246211251235321
#099 #002 49,077954101373805 29,068883707497267 64,51356446515724
#099 #003 8,084256372194686 3,605551275463989 11,40175425099138
#099 #004 11,826291120089664 3,605551275463989 19,6468827043885
#100 #000 8,526988229462464 1,4142135623730951 24,041630560342615
#100 #001 4,56634804621401 0,0 10,44030650891055
#100 #002 5,062004338004382 1,0 9,219544457292887
#100 #003 5,918130781252848 1,0 17,26267650163207
#100 #004 10,568271597155395 2,23606797749979 18,384776310850235
#100 #005 6,750968983863238 1,0 16,401219466856727
#100 #006 7,431655122098995 2,23606797749979 18,35755975068582
#100 #007 8,388317406875185 1,0 15,297058540778355
#100 #008 9,067336229654092 4,123105625617661 18,027756377319946
#100 #009 13,012362010620322 4,242640687119285 23,769728648009426
#101 #000 12,492988264317901 2,23606797749979 23,769728648009426
#101 #001 9,316341171744963 5,0 17,029386365926403
#101 #002 9,506132594815968 4,123105625617661 16,1245154965971
#101 #003 9,459520713174165 5,0 16,492422502470642
#101 #004 11,496788301265646 1,4142135623730951 17,204650534085253
